{
 "cells": [
  {
   "cell_type": "code",
   "execution_count": 1,
   "id": "3aaa7763",
   "metadata": {
    "ExecuteTime": {
     "end_time": "2022-01-03T14:27:37.210268Z",
     "start_time": "2022-01-03T14:27:36.720181Z"
    }
   },
   "outputs": [],
   "source": [
    "import pandas as pd\n"
   ]
  },
  {
   "cell_type": "code",
   "execution_count": 6,
   "id": "694cf29c",
   "metadata": {
    "ExecuteTime": {
     "end_time": "2022-01-03T14:29:30.709785Z",
     "start_time": "2022-01-03T14:29:30.661313Z"
    }
   },
   "outputs": [],
   "source": [
    "data = pd.read_csv('../raw_data/teamstats.csv')"
   ]
  },
  {
   "cell_type": "code",
   "execution_count": 7,
   "id": "bbd74f18",
   "metadata": {
    "ExecuteTime": {
     "end_time": "2022-01-03T14:29:37.254657Z",
     "start_time": "2022-01-03T14:29:37.225491Z"
    },
    "scrolled": true
   },
   "outputs": [
    {
     "data": {
      "text/html": [
       "<div>\n",
       "<style scoped>\n",
       "    .dataframe tbody tr th:only-of-type {\n",
       "        vertical-align: middle;\n",
       "    }\n",
       "\n",
       "    .dataframe tbody tr th {\n",
       "        vertical-align: top;\n",
       "    }\n",
       "\n",
       "    .dataframe thead th {\n",
       "        text-align: right;\n",
       "    }\n",
       "</style>\n",
       "<table border=\"1\" class=\"dataframe\">\n",
       "  <thead>\n",
       "    <tr style=\"text-align: right;\">\n",
       "      <th></th>\n",
       "      <th>gameID</th>\n",
       "      <th>teamID</th>\n",
       "      <th>season</th>\n",
       "      <th>date</th>\n",
       "      <th>location</th>\n",
       "      <th>goals</th>\n",
       "      <th>xGoals</th>\n",
       "      <th>shots</th>\n",
       "      <th>shotsOnTarget</th>\n",
       "      <th>deep</th>\n",
       "      <th>ppda</th>\n",
       "      <th>fouls</th>\n",
       "      <th>corners</th>\n",
       "      <th>yellowCards</th>\n",
       "      <th>redCards</th>\n",
       "      <th>result</th>\n",
       "    </tr>\n",
       "  </thead>\n",
       "  <tbody>\n",
       "    <tr>\n",
       "      <th>0</th>\n",
       "      <td>81</td>\n",
       "      <td>89</td>\n",
       "      <td>2015</td>\n",
       "      <td>2015-08-08 15:45:00</td>\n",
       "      <td>h</td>\n",
       "      <td>1</td>\n",
       "      <td>0.627539</td>\n",
       "      <td>9</td>\n",
       "      <td>1</td>\n",
       "      <td>4</td>\n",
       "      <td>13.8261</td>\n",
       "      <td>12</td>\n",
       "      <td>1</td>\n",
       "      <td>2.0</td>\n",
       "      <td>0</td>\n",
       "      <td>W</td>\n",
       "    </tr>\n",
       "    <tr>\n",
       "      <th>1</th>\n",
       "      <td>81</td>\n",
       "      <td>82</td>\n",
       "      <td>2015</td>\n",
       "      <td>2015-08-08 15:45:00</td>\n",
       "      <td>a</td>\n",
       "      <td>0</td>\n",
       "      <td>0.674600</td>\n",
       "      <td>9</td>\n",
       "      <td>4</td>\n",
       "      <td>10</td>\n",
       "      <td>8.2188</td>\n",
       "      <td>12</td>\n",
       "      <td>2</td>\n",
       "      <td>3.0</td>\n",
       "      <td>0</td>\n",
       "      <td>L</td>\n",
       "    </tr>\n",
       "    <tr>\n",
       "      <th>2</th>\n",
       "      <td>82</td>\n",
       "      <td>73</td>\n",
       "      <td>2015</td>\n",
       "      <td>2015-08-08 18:00:00</td>\n",
       "      <td>h</td>\n",
       "      <td>0</td>\n",
       "      <td>0.876106</td>\n",
       "      <td>11</td>\n",
       "      <td>2</td>\n",
       "      <td>11</td>\n",
       "      <td>6.9000</td>\n",
       "      <td>13</td>\n",
       "      <td>6</td>\n",
       "      <td>3.0</td>\n",
       "      <td>0</td>\n",
       "      <td>L</td>\n",
       "    </tr>\n",
       "    <tr>\n",
       "      <th>3</th>\n",
       "      <td>82</td>\n",
       "      <td>71</td>\n",
       "      <td>2015</td>\n",
       "      <td>2015-08-08 18:00:00</td>\n",
       "      <td>a</td>\n",
       "      <td>1</td>\n",
       "      <td>0.782253</td>\n",
       "      <td>7</td>\n",
       "      <td>3</td>\n",
       "      <td>2</td>\n",
       "      <td>11.8462</td>\n",
       "      <td>13</td>\n",
       "      <td>3</td>\n",
       "      <td>4.0</td>\n",
       "      <td>0</td>\n",
       "      <td>W</td>\n",
       "    </tr>\n",
       "    <tr>\n",
       "      <th>4</th>\n",
       "      <td>83</td>\n",
       "      <td>72</td>\n",
       "      <td>2015</td>\n",
       "      <td>2015-08-08 18:00:00</td>\n",
       "      <td>h</td>\n",
       "      <td>2</td>\n",
       "      <td>0.604226</td>\n",
       "      <td>10</td>\n",
       "      <td>5</td>\n",
       "      <td>5</td>\n",
       "      <td>6.6500</td>\n",
       "      <td>7</td>\n",
       "      <td>8</td>\n",
       "      <td>1.0</td>\n",
       "      <td>0</td>\n",
       "      <td>D</td>\n",
       "    </tr>\n",
       "  </tbody>\n",
       "</table>\n",
       "</div>"
      ],
      "text/plain": [
       "   gameID  teamID  season                 date location  goals    xGoals  \\\n",
       "0      81      89    2015  2015-08-08 15:45:00        h      1  0.627539   \n",
       "1      81      82    2015  2015-08-08 15:45:00        a      0  0.674600   \n",
       "2      82      73    2015  2015-08-08 18:00:00        h      0  0.876106   \n",
       "3      82      71    2015  2015-08-08 18:00:00        a      1  0.782253   \n",
       "4      83      72    2015  2015-08-08 18:00:00        h      2  0.604226   \n",
       "\n",
       "   shots  shotsOnTarget  deep     ppda  fouls  corners  yellowCards  redCards  \\\n",
       "0      9              1     4  13.8261     12        1          2.0         0   \n",
       "1      9              4    10   8.2188     12        2          3.0         0   \n",
       "2     11              2    11   6.9000     13        6          3.0         0   \n",
       "3      7              3     2  11.8462     13        3          4.0         0   \n",
       "4     10              5     5   6.6500      7        8          1.0         0   \n",
       "\n",
       "  result  \n",
       "0      W  \n",
       "1      L  \n",
       "2      L  \n",
       "3      W  \n",
       "4      D  "
      ]
     },
     "execution_count": 7,
     "metadata": {},
     "output_type": "execute_result"
    }
   ],
   "source": [
    "data.head()"
   ]
  },
  {
   "cell_type": "code",
   "execution_count": null,
   "id": "2c2c8b88",
   "metadata": {},
   "outputs": [],
   "source": []
  },
  {
   "cell_type": "code",
   "execution_count": null,
   "id": "a65a5d55",
   "metadata": {},
   "outputs": [],
   "source": []
  },
  {
   "cell_type": "code",
   "execution_count": 12,
   "id": "de8e6dec",
   "metadata": {
    "ExecuteTime": {
     "end_time": "2022-01-03T14:44:04.857420Z",
     "start_time": "2022-01-03T14:44:04.841449Z"
    }
   },
   "outputs": [
    {
     "name": "stdout",
     "output_type": "stream",
     "text": [
      "<class 'pandas.core.frame.DataFrame'>\n",
      "RangeIndex: 25360 entries, 0 to 25359\n",
      "Data columns (total 16 columns):\n",
      " #   Column         Non-Null Count  Dtype  \n",
      "---  ------         --------------  -----  \n",
      " 0   gameID         25360 non-null  int64  \n",
      " 1   teamID         25360 non-null  int64  \n",
      " 2   season         25360 non-null  int64  \n",
      " 3   date           25360 non-null  object \n",
      " 4   location       25360 non-null  object \n",
      " 5   goals          25360 non-null  int64  \n",
      " 6   xGoals         25360 non-null  float64\n",
      " 7   shots          25360 non-null  int64  \n",
      " 8   shotsOnTarget  25360 non-null  int64  \n",
      " 9   deep           25360 non-null  int64  \n",
      " 10  ppda           25360 non-null  float64\n",
      " 11  fouls          25360 non-null  int64  \n",
      " 12  corners        25360 non-null  int64  \n",
      " 13  yellowCards    25359 non-null  float64\n",
      " 14  redCards       25360 non-null  int64  \n",
      " 15  result         25360 non-null  object \n",
      "dtypes: float64(3), int64(10), object(3)\n",
      "memory usage: 3.1+ MB\n"
     ]
    }
   ],
   "source": [
    "data.info()"
   ]
  },
  {
   "cell_type": "code",
   "execution_count": 9,
   "id": "63b4541e",
   "metadata": {
    "ExecuteTime": {
     "end_time": "2022-01-03T14:30:28.202845Z",
     "start_time": "2022-01-03T14:30:28.195023Z"
    }
   },
   "outputs": [
    {
     "data": {
      "text/plain": [
       "0        W\n",
       "1        L\n",
       "2        L\n",
       "3        W\n",
       "4        D\n",
       "        ..\n",
       "25355    L\n",
       "25356    L\n",
       "25357    W\n",
       "25358    D\n",
       "25359    D\n",
       "Name: result, Length: 25360, dtype: object"
      ]
     },
     "execution_count": 9,
     "metadata": {},
     "output_type": "execute_result"
    }
   ],
   "source": [
    "data['result']"
   ]
  },
  {
   "cell_type": "code",
   "execution_count": 13,
   "id": "ad081c59",
   "metadata": {
    "ExecuteTime": {
     "end_time": "2022-01-03T14:44:11.640853Z",
     "start_time": "2022-01-03T14:44:11.613968Z"
    }
   },
   "outputs": [
    {
     "data": {
      "text/html": [
       "<div>\n",
       "<style scoped>\n",
       "    .dataframe tbody tr th:only-of-type {\n",
       "        vertical-align: middle;\n",
       "    }\n",
       "\n",
       "    .dataframe tbody tr th {\n",
       "        vertical-align: top;\n",
       "    }\n",
       "\n",
       "    .dataframe thead th {\n",
       "        text-align: right;\n",
       "    }\n",
       "</style>\n",
       "<table border=\"1\" class=\"dataframe\">\n",
       "  <thead>\n",
       "    <tr style=\"text-align: right;\">\n",
       "      <th></th>\n",
       "      <th>gameID</th>\n",
       "      <th>teamID</th>\n",
       "      <th>season</th>\n",
       "      <th>goals</th>\n",
       "      <th>xGoals</th>\n",
       "      <th>shots</th>\n",
       "      <th>shotsOnTarget</th>\n",
       "      <th>deep</th>\n",
       "      <th>ppda</th>\n",
       "      <th>fouls</th>\n",
       "      <th>corners</th>\n",
       "      <th>yellowCards</th>\n",
       "      <th>redCards</th>\n",
       "    </tr>\n",
       "  </thead>\n",
       "  <tbody>\n",
       "    <tr>\n",
       "      <th>gameID</th>\n",
       "      <td>1.000000</td>\n",
       "      <td>0.226970</td>\n",
       "      <td>0.892661</td>\n",
       "      <td>0.013579</td>\n",
       "      <td>0.043158</td>\n",
       "      <td>-0.018608</td>\n",
       "      <td>-0.008056</td>\n",
       "      <td>0.026216</td>\n",
       "      <td>0.136161</td>\n",
       "      <td>-0.074992</td>\n",
       "      <td>-0.026595</td>\n",
       "      <td>-0.009099</td>\n",
       "      <td>-0.024479</td>\n",
       "    </tr>\n",
       "    <tr>\n",
       "      <th>teamID</th>\n",
       "      <td>0.226970</td>\n",
       "      <td>1.000000</td>\n",
       "      <td>0.150536</td>\n",
       "      <td>-0.080661</td>\n",
       "      <td>-0.092100</td>\n",
       "      <td>-0.120406</td>\n",
       "      <td>-0.098014</td>\n",
       "      <td>-0.184740</td>\n",
       "      <td>0.051607</td>\n",
       "      <td>0.098213</td>\n",
       "      <td>-0.095563</td>\n",
       "      <td>0.049122</td>\n",
       "      <td>0.024532</td>\n",
       "    </tr>\n",
       "    <tr>\n",
       "      <th>season</th>\n",
       "      <td>0.892661</td>\n",
       "      <td>0.150536</td>\n",
       "      <td>1.000000</td>\n",
       "      <td>0.019383</td>\n",
       "      <td>0.049263</td>\n",
       "      <td>-0.014844</td>\n",
       "      <td>-0.003266</td>\n",
       "      <td>0.043943</td>\n",
       "      <td>0.148000</td>\n",
       "      <td>-0.109554</td>\n",
       "      <td>-0.023201</td>\n",
       "      <td>-0.015902</td>\n",
       "      <td>-0.028708</td>\n",
       "    </tr>\n",
       "    <tr>\n",
       "      <th>goals</th>\n",
       "      <td>0.013579</td>\n",
       "      <td>-0.080661</td>\n",
       "      <td>0.019383</td>\n",
       "      <td>1.000000</td>\n",
       "      <td>0.643079</td>\n",
       "      <td>0.317160</td>\n",
       "      <td>0.601782</td>\n",
       "      <td>0.299248</td>\n",
       "      <td>-0.076137</td>\n",
       "      <td>-0.074414</td>\n",
       "      <td>0.046531</td>\n",
       "      <td>-0.093939</td>\n",
       "      <td>-0.079942</td>\n",
       "    </tr>\n",
       "    <tr>\n",
       "      <th>xGoals</th>\n",
       "      <td>0.043158</td>\n",
       "      <td>-0.092100</td>\n",
       "      <td>0.049263</td>\n",
       "      <td>0.643079</td>\n",
       "      <td>1.000000</td>\n",
       "      <td>0.636310</td>\n",
       "      <td>0.686523</td>\n",
       "      <td>0.520403</td>\n",
       "      <td>-0.192414</td>\n",
       "      <td>-0.095645</td>\n",
       "      <td>0.277542</td>\n",
       "      <td>-0.096878</td>\n",
       "      <td>-0.094330</td>\n",
       "    </tr>\n",
       "    <tr>\n",
       "      <th>shots</th>\n",
       "      <td>-0.018608</td>\n",
       "      <td>-0.120406</td>\n",
       "      <td>-0.014844</td>\n",
       "      <td>0.317160</td>\n",
       "      <td>0.636310</td>\n",
       "      <td>1.000000</td>\n",
       "      <td>0.676556</td>\n",
       "      <td>0.584471</td>\n",
       "      <td>-0.316291</td>\n",
       "      <td>-0.121103</td>\n",
       "      <td>0.529004</td>\n",
       "      <td>-0.114701</td>\n",
       "      <td>-0.109207</td>\n",
       "    </tr>\n",
       "    <tr>\n",
       "      <th>shotsOnTarget</th>\n",
       "      <td>-0.008056</td>\n",
       "      <td>-0.098014</td>\n",
       "      <td>-0.003266</td>\n",
       "      <td>0.601782</td>\n",
       "      <td>0.686523</td>\n",
       "      <td>0.676556</td>\n",
       "      <td>1.000000</td>\n",
       "      <td>0.460491</td>\n",
       "      <td>-0.193573</td>\n",
       "      <td>-0.095036</td>\n",
       "      <td>0.310148</td>\n",
       "      <td>-0.107679</td>\n",
       "      <td>-0.093312</td>\n",
       "    </tr>\n",
       "    <tr>\n",
       "      <th>deep</th>\n",
       "      <td>0.026216</td>\n",
       "      <td>-0.184740</td>\n",
       "      <td>0.043943</td>\n",
       "      <td>0.299248</td>\n",
       "      <td>0.520403</td>\n",
       "      <td>0.584471</td>\n",
       "      <td>0.460491</td>\n",
       "      <td>1.000000</td>\n",
       "      <td>-0.273458</td>\n",
       "      <td>-0.148554</td>\n",
       "      <td>0.384163</td>\n",
       "      <td>-0.116682</td>\n",
       "      <td>-0.098011</td>\n",
       "    </tr>\n",
       "    <tr>\n",
       "      <th>ppda</th>\n",
       "      <td>0.136161</td>\n",
       "      <td>0.051607</td>\n",
       "      <td>0.148000</td>\n",
       "      <td>-0.076137</td>\n",
       "      <td>-0.192414</td>\n",
       "      <td>-0.316291</td>\n",
       "      <td>-0.193573</td>\n",
       "      <td>-0.273458</td>\n",
       "      <td>1.000000</td>\n",
       "      <td>-0.304770</td>\n",
       "      <td>-0.285743</td>\n",
       "      <td>-0.113505</td>\n",
       "      <td>0.057001</td>\n",
       "    </tr>\n",
       "    <tr>\n",
       "      <th>fouls</th>\n",
       "      <td>-0.074992</td>\n",
       "      <td>0.098213</td>\n",
       "      <td>-0.109554</td>\n",
       "      <td>-0.074414</td>\n",
       "      <td>-0.095645</td>\n",
       "      <td>-0.121103</td>\n",
       "      <td>-0.095036</td>\n",
       "      <td>-0.148554</td>\n",
       "      <td>-0.304770</td>\n",
       "      <td>1.000000</td>\n",
       "      <td>-0.092465</td>\n",
       "      <td>0.383880</td>\n",
       "      <td>0.067286</td>\n",
       "    </tr>\n",
       "    <tr>\n",
       "      <th>corners</th>\n",
       "      <td>-0.026595</td>\n",
       "      <td>-0.095563</td>\n",
       "      <td>-0.023201</td>\n",
       "      <td>0.046531</td>\n",
       "      <td>0.277542</td>\n",
       "      <td>0.529004</td>\n",
       "      <td>0.310148</td>\n",
       "      <td>0.384163</td>\n",
       "      <td>-0.285743</td>\n",
       "      <td>-0.092465</td>\n",
       "      <td>1.000000</td>\n",
       "      <td>-0.074348</td>\n",
       "      <td>-0.068008</td>\n",
       "    </tr>\n",
       "    <tr>\n",
       "      <th>yellowCards</th>\n",
       "      <td>-0.009099</td>\n",
       "      <td>0.049122</td>\n",
       "      <td>-0.015902</td>\n",
       "      <td>-0.093939</td>\n",
       "      <td>-0.096878</td>\n",
       "      <td>-0.114701</td>\n",
       "      <td>-0.107679</td>\n",
       "      <td>-0.116682</td>\n",
       "      <td>-0.113505</td>\n",
       "      <td>0.383880</td>\n",
       "      <td>-0.074348</td>\n",
       "      <td>1.000000</td>\n",
       "      <td>0.115045</td>\n",
       "    </tr>\n",
       "    <tr>\n",
       "      <th>redCards</th>\n",
       "      <td>-0.024479</td>\n",
       "      <td>0.024532</td>\n",
       "      <td>-0.028708</td>\n",
       "      <td>-0.079942</td>\n",
       "      <td>-0.094330</td>\n",
       "      <td>-0.109207</td>\n",
       "      <td>-0.093312</td>\n",
       "      <td>-0.098011</td>\n",
       "      <td>0.057001</td>\n",
       "      <td>0.067286</td>\n",
       "      <td>-0.068008</td>\n",
       "      <td>0.115045</td>\n",
       "      <td>1.000000</td>\n",
       "    </tr>\n",
       "  </tbody>\n",
       "</table>\n",
       "</div>"
      ],
      "text/plain": [
       "                 gameID    teamID    season     goals    xGoals     shots  \\\n",
       "gameID         1.000000  0.226970  0.892661  0.013579  0.043158 -0.018608   \n",
       "teamID         0.226970  1.000000  0.150536 -0.080661 -0.092100 -0.120406   \n",
       "season         0.892661  0.150536  1.000000  0.019383  0.049263 -0.014844   \n",
       "goals          0.013579 -0.080661  0.019383  1.000000  0.643079  0.317160   \n",
       "xGoals         0.043158 -0.092100  0.049263  0.643079  1.000000  0.636310   \n",
       "shots         -0.018608 -0.120406 -0.014844  0.317160  0.636310  1.000000   \n",
       "shotsOnTarget -0.008056 -0.098014 -0.003266  0.601782  0.686523  0.676556   \n",
       "deep           0.026216 -0.184740  0.043943  0.299248  0.520403  0.584471   \n",
       "ppda           0.136161  0.051607  0.148000 -0.076137 -0.192414 -0.316291   \n",
       "fouls         -0.074992  0.098213 -0.109554 -0.074414 -0.095645 -0.121103   \n",
       "corners       -0.026595 -0.095563 -0.023201  0.046531  0.277542  0.529004   \n",
       "yellowCards   -0.009099  0.049122 -0.015902 -0.093939 -0.096878 -0.114701   \n",
       "redCards      -0.024479  0.024532 -0.028708 -0.079942 -0.094330 -0.109207   \n",
       "\n",
       "               shotsOnTarget      deep      ppda     fouls   corners  \\\n",
       "gameID             -0.008056  0.026216  0.136161 -0.074992 -0.026595   \n",
       "teamID             -0.098014 -0.184740  0.051607  0.098213 -0.095563   \n",
       "season             -0.003266  0.043943  0.148000 -0.109554 -0.023201   \n",
       "goals               0.601782  0.299248 -0.076137 -0.074414  0.046531   \n",
       "xGoals              0.686523  0.520403 -0.192414 -0.095645  0.277542   \n",
       "shots               0.676556  0.584471 -0.316291 -0.121103  0.529004   \n",
       "shotsOnTarget       1.000000  0.460491 -0.193573 -0.095036  0.310148   \n",
       "deep                0.460491  1.000000 -0.273458 -0.148554  0.384163   \n",
       "ppda               -0.193573 -0.273458  1.000000 -0.304770 -0.285743   \n",
       "fouls              -0.095036 -0.148554 -0.304770  1.000000 -0.092465   \n",
       "corners             0.310148  0.384163 -0.285743 -0.092465  1.000000   \n",
       "yellowCards        -0.107679 -0.116682 -0.113505  0.383880 -0.074348   \n",
       "redCards           -0.093312 -0.098011  0.057001  0.067286 -0.068008   \n",
       "\n",
       "               yellowCards  redCards  \n",
       "gameID           -0.009099 -0.024479  \n",
       "teamID            0.049122  0.024532  \n",
       "season           -0.015902 -0.028708  \n",
       "goals            -0.093939 -0.079942  \n",
       "xGoals           -0.096878 -0.094330  \n",
       "shots            -0.114701 -0.109207  \n",
       "shotsOnTarget    -0.107679 -0.093312  \n",
       "deep             -0.116682 -0.098011  \n",
       "ppda             -0.113505  0.057001  \n",
       "fouls             0.383880  0.067286  \n",
       "corners          -0.074348 -0.068008  \n",
       "yellowCards       1.000000  0.115045  \n",
       "redCards          0.115045  1.000000  "
      ]
     },
     "execution_count": 13,
     "metadata": {},
     "output_type": "execute_result"
    }
   ],
   "source": [
    "data.corr()"
   ]
  },
  {
   "cell_type": "code",
   "execution_count": 45,
   "id": "58be9a32",
   "metadata": {
    "ExecuteTime": {
     "end_time": "2022-01-03T15:24:41.111557Z",
     "start_time": "2022-01-03T15:24:41.098728Z"
    }
   },
   "outputs": [],
   "source": [
    "data['result_num'] = data['result'].apply(lambda x: -1 if x=='L' else 0 if x=='D' else 1)"
   ]
  },
  {
   "cell_type": "code",
   "execution_count": 46,
   "id": "62bc463a",
   "metadata": {
    "ExecuteTime": {
     "end_time": "2022-01-03T15:24:43.016685Z",
     "start_time": "2022-01-03T15:24:42.985816Z"
    }
   },
   "outputs": [
    {
     "data": {
      "text/html": [
       "<div>\n",
       "<style scoped>\n",
       "    .dataframe tbody tr th:only-of-type {\n",
       "        vertical-align: middle;\n",
       "    }\n",
       "\n",
       "    .dataframe tbody tr th {\n",
       "        vertical-align: top;\n",
       "    }\n",
       "\n",
       "    .dataframe thead th {\n",
       "        text-align: right;\n",
       "    }\n",
       "</style>\n",
       "<table border=\"1\" class=\"dataframe\">\n",
       "  <thead>\n",
       "    <tr style=\"text-align: right;\">\n",
       "      <th></th>\n",
       "      <th>gameID</th>\n",
       "      <th>teamID</th>\n",
       "      <th>season</th>\n",
       "      <th>goals</th>\n",
       "      <th>xGoals</th>\n",
       "      <th>shots</th>\n",
       "      <th>shotsOnTarget</th>\n",
       "      <th>deep</th>\n",
       "      <th>ppda</th>\n",
       "      <th>fouls</th>\n",
       "      <th>corners</th>\n",
       "      <th>yellowCards</th>\n",
       "      <th>redCards</th>\n",
       "      <th>result_num</th>\n",
       "    </tr>\n",
       "  </thead>\n",
       "  <tbody>\n",
       "    <tr>\n",
       "      <th>gameID</th>\n",
       "      <td>1.000000e+00</td>\n",
       "      <td>0.226970</td>\n",
       "      <td>8.926608e-01</td>\n",
       "      <td>0.013579</td>\n",
       "      <td>0.043158</td>\n",
       "      <td>-0.018608</td>\n",
       "      <td>-0.008056</td>\n",
       "      <td>0.026216</td>\n",
       "      <td>0.136161</td>\n",
       "      <td>-0.074992</td>\n",
       "      <td>-0.026595</td>\n",
       "      <td>-0.009099</td>\n",
       "      <td>-0.024479</td>\n",
       "      <td>-7.670354e-19</td>\n",
       "    </tr>\n",
       "    <tr>\n",
       "      <th>teamID</th>\n",
       "      <td>2.269697e-01</td>\n",
       "      <td>1.000000</td>\n",
       "      <td>1.505357e-01</td>\n",
       "      <td>-0.080661</td>\n",
       "      <td>-0.092100</td>\n",
       "      <td>-0.120406</td>\n",
       "      <td>-0.098014</td>\n",
       "      <td>-0.184740</td>\n",
       "      <td>0.051607</td>\n",
       "      <td>0.098213</td>\n",
       "      <td>-0.095563</td>\n",
       "      <td>0.049122</td>\n",
       "      <td>0.024532</td>\n",
       "      <td>-7.299264e-02</td>\n",
       "    </tr>\n",
       "    <tr>\n",
       "      <th>season</th>\n",
       "      <td>8.926608e-01</td>\n",
       "      <td>0.150536</td>\n",
       "      <td>1.000000e+00</td>\n",
       "      <td>0.019383</td>\n",
       "      <td>0.049263</td>\n",
       "      <td>-0.014844</td>\n",
       "      <td>-0.003266</td>\n",
       "      <td>0.043943</td>\n",
       "      <td>0.148000</td>\n",
       "      <td>-0.109554</td>\n",
       "      <td>-0.023201</td>\n",
       "      <td>-0.015902</td>\n",
       "      <td>-0.028708</td>\n",
       "      <td>1.406377e-16</td>\n",
       "    </tr>\n",
       "    <tr>\n",
       "      <th>goals</th>\n",
       "      <td>1.357916e-02</td>\n",
       "      <td>-0.080661</td>\n",
       "      <td>1.938273e-02</td>\n",
       "      <td>1.000000</td>\n",
       "      <td>0.643079</td>\n",
       "      <td>0.317160</td>\n",
       "      <td>0.601782</td>\n",
       "      <td>0.299248</td>\n",
       "      <td>-0.076137</td>\n",
       "      <td>-0.074414</td>\n",
       "      <td>0.046531</td>\n",
       "      <td>-0.093939</td>\n",
       "      <td>-0.079942</td>\n",
       "      <td>6.401886e-01</td>\n",
       "    </tr>\n",
       "    <tr>\n",
       "      <th>xGoals</th>\n",
       "      <td>4.315811e-02</td>\n",
       "      <td>-0.092100</td>\n",
       "      <td>4.926267e-02</td>\n",
       "      <td>0.643079</td>\n",
       "      <td>1.000000</td>\n",
       "      <td>0.636310</td>\n",
       "      <td>0.686523</td>\n",
       "      <td>0.520403</td>\n",
       "      <td>-0.192414</td>\n",
       "      <td>-0.095645</td>\n",
       "      <td>0.277542</td>\n",
       "      <td>-0.096878</td>\n",
       "      <td>-0.094330</td>\n",
       "      <td>4.588941e-01</td>\n",
       "    </tr>\n",
       "    <tr>\n",
       "      <th>shots</th>\n",
       "      <td>-1.860823e-02</td>\n",
       "      <td>-0.120406</td>\n",
       "      <td>-1.484430e-02</td>\n",
       "      <td>0.317160</td>\n",
       "      <td>0.636310</td>\n",
       "      <td>1.000000</td>\n",
       "      <td>0.676556</td>\n",
       "      <td>0.584471</td>\n",
       "      <td>-0.316291</td>\n",
       "      <td>-0.121103</td>\n",
       "      <td>0.529004</td>\n",
       "      <td>-0.114701</td>\n",
       "      <td>-0.109207</td>\n",
       "      <td>2.294212e-01</td>\n",
       "    </tr>\n",
       "    <tr>\n",
       "      <th>shotsOnTarget</th>\n",
       "      <td>-8.056473e-03</td>\n",
       "      <td>-0.098014</td>\n",
       "      <td>-3.265953e-03</td>\n",
       "      <td>0.601782</td>\n",
       "      <td>0.686523</td>\n",
       "      <td>0.676556</td>\n",
       "      <td>1.000000</td>\n",
       "      <td>0.460491</td>\n",
       "      <td>-0.193573</td>\n",
       "      <td>-0.095036</td>\n",
       "      <td>0.310148</td>\n",
       "      <td>-0.107679</td>\n",
       "      <td>-0.093312</td>\n",
       "      <td>4.180850e-01</td>\n",
       "    </tr>\n",
       "    <tr>\n",
       "      <th>deep</th>\n",
       "      <td>2.621635e-02</td>\n",
       "      <td>-0.184740</td>\n",
       "      <td>4.394283e-02</td>\n",
       "      <td>0.299248</td>\n",
       "      <td>0.520403</td>\n",
       "      <td>0.584471</td>\n",
       "      <td>0.460491</td>\n",
       "      <td>1.000000</td>\n",
       "      <td>-0.273458</td>\n",
       "      <td>-0.148554</td>\n",
       "      <td>0.384163</td>\n",
       "      <td>-0.116682</td>\n",
       "      <td>-0.098011</td>\n",
       "      <td>2.160079e-01</td>\n",
       "    </tr>\n",
       "    <tr>\n",
       "      <th>ppda</th>\n",
       "      <td>1.361608e-01</td>\n",
       "      <td>0.051607</td>\n",
       "      <td>1.479999e-01</td>\n",
       "      <td>-0.076137</td>\n",
       "      <td>-0.192414</td>\n",
       "      <td>-0.316291</td>\n",
       "      <td>-0.193573</td>\n",
       "      <td>-0.273458</td>\n",
       "      <td>1.000000</td>\n",
       "      <td>-0.304770</td>\n",
       "      <td>-0.285743</td>\n",
       "      <td>-0.113505</td>\n",
       "      <td>0.057001</td>\n",
       "      <td>-1.097707e-01</td>\n",
       "    </tr>\n",
       "    <tr>\n",
       "      <th>fouls</th>\n",
       "      <td>-7.499219e-02</td>\n",
       "      <td>0.098213</td>\n",
       "      <td>-1.095535e-01</td>\n",
       "      <td>-0.074414</td>\n",
       "      <td>-0.095645</td>\n",
       "      <td>-0.121103</td>\n",
       "      <td>-0.095036</td>\n",
       "      <td>-0.148554</td>\n",
       "      <td>-0.304770</td>\n",
       "      <td>1.000000</td>\n",
       "      <td>-0.092465</td>\n",
       "      <td>0.383880</td>\n",
       "      <td>0.067286</td>\n",
       "      <td>-3.259147e-02</td>\n",
       "    </tr>\n",
       "    <tr>\n",
       "      <th>corners</th>\n",
       "      <td>-2.659482e-02</td>\n",
       "      <td>-0.095563</td>\n",
       "      <td>-2.320114e-02</td>\n",
       "      <td>0.046531</td>\n",
       "      <td>0.277542</td>\n",
       "      <td>0.529004</td>\n",
       "      <td>0.310148</td>\n",
       "      <td>0.384163</td>\n",
       "      <td>-0.285743</td>\n",
       "      <td>-0.092465</td>\n",
       "      <td>1.000000</td>\n",
       "      <td>-0.074348</td>\n",
       "      <td>-0.068008</td>\n",
       "      <td>4.491849e-02</td>\n",
       "    </tr>\n",
       "    <tr>\n",
       "      <th>yellowCards</th>\n",
       "      <td>-9.098700e-03</td>\n",
       "      <td>0.049122</td>\n",
       "      <td>-1.590171e-02</td>\n",
       "      <td>-0.093939</td>\n",
       "      <td>-0.096878</td>\n",
       "      <td>-0.114701</td>\n",
       "      <td>-0.107679</td>\n",
       "      <td>-0.116682</td>\n",
       "      <td>-0.113505</td>\n",
       "      <td>0.383880</td>\n",
       "      <td>-0.074348</td>\n",
       "      <td>1.000000</td>\n",
       "      <td>0.115045</td>\n",
       "      <td>-6.874837e-02</td>\n",
       "    </tr>\n",
       "    <tr>\n",
       "      <th>redCards</th>\n",
       "      <td>-2.447858e-02</td>\n",
       "      <td>0.024532</td>\n",
       "      <td>-2.870756e-02</td>\n",
       "      <td>-0.079942</td>\n",
       "      <td>-0.094330</td>\n",
       "      <td>-0.109207</td>\n",
       "      <td>-0.093312</td>\n",
       "      <td>-0.098011</td>\n",
       "      <td>0.057001</td>\n",
       "      <td>0.067286</td>\n",
       "      <td>-0.068008</td>\n",
       "      <td>0.115045</td>\n",
       "      <td>1.000000</td>\n",
       "      <td>-1.228597e-01</td>\n",
       "    </tr>\n",
       "    <tr>\n",
       "      <th>result_num</th>\n",
       "      <td>-7.670354e-19</td>\n",
       "      <td>-0.072993</td>\n",
       "      <td>1.406377e-16</td>\n",
       "      <td>0.640189</td>\n",
       "      <td>0.458894</td>\n",
       "      <td>0.229421</td>\n",
       "      <td>0.418085</td>\n",
       "      <td>0.216008</td>\n",
       "      <td>-0.109771</td>\n",
       "      <td>-0.032591</td>\n",
       "      <td>0.044918</td>\n",
       "      <td>-0.068748</td>\n",
       "      <td>-0.122860</td>\n",
       "      <td>1.000000e+00</td>\n",
       "    </tr>\n",
       "  </tbody>\n",
       "</table>\n",
       "</div>"
      ],
      "text/plain": [
       "                     gameID    teamID        season     goals    xGoals  \\\n",
       "gameID         1.000000e+00  0.226970  8.926608e-01  0.013579  0.043158   \n",
       "teamID         2.269697e-01  1.000000  1.505357e-01 -0.080661 -0.092100   \n",
       "season         8.926608e-01  0.150536  1.000000e+00  0.019383  0.049263   \n",
       "goals          1.357916e-02 -0.080661  1.938273e-02  1.000000  0.643079   \n",
       "xGoals         4.315811e-02 -0.092100  4.926267e-02  0.643079  1.000000   \n",
       "shots         -1.860823e-02 -0.120406 -1.484430e-02  0.317160  0.636310   \n",
       "shotsOnTarget -8.056473e-03 -0.098014 -3.265953e-03  0.601782  0.686523   \n",
       "deep           2.621635e-02 -0.184740  4.394283e-02  0.299248  0.520403   \n",
       "ppda           1.361608e-01  0.051607  1.479999e-01 -0.076137 -0.192414   \n",
       "fouls         -7.499219e-02  0.098213 -1.095535e-01 -0.074414 -0.095645   \n",
       "corners       -2.659482e-02 -0.095563 -2.320114e-02  0.046531  0.277542   \n",
       "yellowCards   -9.098700e-03  0.049122 -1.590171e-02 -0.093939 -0.096878   \n",
       "redCards      -2.447858e-02  0.024532 -2.870756e-02 -0.079942 -0.094330   \n",
       "result_num    -7.670354e-19 -0.072993  1.406377e-16  0.640189  0.458894   \n",
       "\n",
       "                  shots  shotsOnTarget      deep      ppda     fouls  \\\n",
       "gameID        -0.018608      -0.008056  0.026216  0.136161 -0.074992   \n",
       "teamID        -0.120406      -0.098014 -0.184740  0.051607  0.098213   \n",
       "season        -0.014844      -0.003266  0.043943  0.148000 -0.109554   \n",
       "goals          0.317160       0.601782  0.299248 -0.076137 -0.074414   \n",
       "xGoals         0.636310       0.686523  0.520403 -0.192414 -0.095645   \n",
       "shots          1.000000       0.676556  0.584471 -0.316291 -0.121103   \n",
       "shotsOnTarget  0.676556       1.000000  0.460491 -0.193573 -0.095036   \n",
       "deep           0.584471       0.460491  1.000000 -0.273458 -0.148554   \n",
       "ppda          -0.316291      -0.193573 -0.273458  1.000000 -0.304770   \n",
       "fouls         -0.121103      -0.095036 -0.148554 -0.304770  1.000000   \n",
       "corners        0.529004       0.310148  0.384163 -0.285743 -0.092465   \n",
       "yellowCards   -0.114701      -0.107679 -0.116682 -0.113505  0.383880   \n",
       "redCards      -0.109207      -0.093312 -0.098011  0.057001  0.067286   \n",
       "result_num     0.229421       0.418085  0.216008 -0.109771 -0.032591   \n",
       "\n",
       "                corners  yellowCards  redCards    result_num  \n",
       "gameID        -0.026595    -0.009099 -0.024479 -7.670354e-19  \n",
       "teamID        -0.095563     0.049122  0.024532 -7.299264e-02  \n",
       "season        -0.023201    -0.015902 -0.028708  1.406377e-16  \n",
       "goals          0.046531    -0.093939 -0.079942  6.401886e-01  \n",
       "xGoals         0.277542    -0.096878 -0.094330  4.588941e-01  \n",
       "shots          0.529004    -0.114701 -0.109207  2.294212e-01  \n",
       "shotsOnTarget  0.310148    -0.107679 -0.093312  4.180850e-01  \n",
       "deep           0.384163    -0.116682 -0.098011  2.160079e-01  \n",
       "ppda          -0.285743    -0.113505  0.057001 -1.097707e-01  \n",
       "fouls         -0.092465     0.383880  0.067286 -3.259147e-02  \n",
       "corners        1.000000    -0.074348 -0.068008  4.491849e-02  \n",
       "yellowCards   -0.074348     1.000000  0.115045 -6.874837e-02  \n",
       "redCards      -0.068008     0.115045  1.000000 -1.228597e-01  \n",
       "result_num     0.044918    -0.068748 -0.122860  1.000000e+00  "
      ]
     },
     "execution_count": 46,
     "metadata": {},
     "output_type": "execute_result"
    }
   ],
   "source": [
    "data.corr()"
   ]
  },
  {
   "cell_type": "code",
   "execution_count": 47,
   "id": "5a8a5e0d",
   "metadata": {
    "ExecuteTime": {
     "end_time": "2022-01-03T15:24:43.824144Z",
     "start_time": "2022-01-03T15:24:43.555252Z"
    }
   },
   "outputs": [
    {
     "data": {
      "text/plain": [
       "<AxesSubplot:>"
      ]
     },
     "execution_count": 47,
     "metadata": {},
     "output_type": "execute_result"
    },
    {
     "data": {
